chr  Pos
19  19250926
1  75640990
4  158709665
11  61803311
12  120737721
2  210195326
X  67291142
20  22069865
11  92965261
6  20661019
10  68232096
22  37523260
1  91611540
22  37522465
6  32638107
4  122588266
1  106793679
1  2461209
12  24031610
20  1778944
21  37118795
15  28120472
17  81629785
10  95038791
18  11987273
2  60490908
13  54006952
1  90074206
10  18871100
12  101293265
16  59856794
3  39708102
4  33078033
12  13770394
14  78308963
15  62395140
6  106539495
7  15703161
11  89277878
16  89919709
16  89919709
6  466033
16  89919709
11  89178528
14  92307319
16  89919709
15  28285036
12  88934558
14  92307319
11  89277878
15  28285036
15  28285036
6  135097880
1  159740727
7  54114239
6  32353777
6  38473194
13  42079301
1  221443734
1  67240275
2  102047167
21  39093252
2  62324337
5  96793809
6  31368323
2  181143073
10  19640584
4  80028675
16  75133681
9  134614732
7  82210237
4  87037243
4  108125804
1  213951784
8  11502129
3  56932218
6  32713151
12  72330254
1  17348042
5  142302223
12  88559784
5  1286401
5  1308437
9  863635
12  14500933
22  43928847
3  117588720
8  74382740
7  131768906
7  131768766
13  65546652
11  116768388
8  20010875
11  92940662
16  56954132
16  56954132
11  116789970
11  116789970
11  116768388
8  125472284
8  9325848
11  116782580
19  44911194
8  19967156
11  116778419
8  125481504
2  27519736
11  116755542
15  58388755
8  19959423
11  116781491
11  92940662
16  56968820
2  168926370
8  9325848
15  58386313
11  116768388
16  56954132
11  116782580
8  19958727
11  116789970
11  116789970
2  27519736
2  27629051
11  116789970
11  116789970
2  27592643
7  20954872
2  172446825
3  87124174
8  127506309
11  69228491
6  160160342
2  43326810
4  94641726
4  105140377
8  23668950
11  2212344
22  43104206
X  51467205
4  94593458
2  63074029
7  98187015
10  46070851
17  37741165
17  71112612
11  92947847
8  19968862
6  50830813
2  27578892
11  116782580
8  19966981
11  116763146
16  56959412
11  116789970
11  116789970
11  97811564
9  27543283
12  17220805
9  27561051
X  4678097
X  76127599
9  27536399
19  17641880
4  120880635
8  40626720
8  40626720
3  30305477
4  120880635
5  130607626
2  192049636
14  27330971
14  27330971
7  29144873
13  68956532
11  5285279
2  60493111
4  159361566
20  13715482
12  5022387
1  212218821
2  43908175
8  106832219
19  48725015
6  142226962
12  111472415
5  88551768
8  11246602
5  98553032
15  58882340
11  131450176
19  38422124
3  60304113
22  37155567
21  41139991
1  113761186
6  32696074
9  22125504
1  240282296
22  26293669
16  83178793
6  42763377
3  183152030
2  240576179
20  3795528
16  23622705
14  57652478
14  104042739
12  112049014
4  122277280
1  113761186
10  3820350
16  50705671
5  40401407
10  62685804
1  67209833
1  239273242
15  96287321
12  71183321
6  20717024
16  53786615
3  55279372
12  50963759
10  112996282
4  121744359
4  25415622
6  32606394
7  131685280
10  99528007
7  148560956
5  132406536
2  233250193
3  49664550
5  150860514
18  12779948
6  32690533
12  56076841
16  11086016
12  9703362
4  122408207
12  9681032
5  133293192
6  32636595
5  153599994
16  29874126
7  99610253
7  99610253
5  156712558
5  156712558
1  5110652
2  36299293
14  94096847
14  65178532
2  173497621
7  99610253
13  50411982
6  129540247
10  4613373
4  144653692
15  83904289
4  18016107
15  83899406
6  142358435
12  65965972
2  55884174
6  34227234
1  17395867
1  228862088
18  49655298
16  56951227
12  109457363
16  56959412
15  58382496
1  230159169
1  230159169
9  104884939
16  67991092
8  19990179
8  19990179
16  56963321
1  55030366
19  44919689
19  19547663
2  21065449
19  11091630
1  109279544
11  116781491
8  19990179
8  19990179
2  27518370
8  125474167
7  73568544
1  62583922
15  58382496
1  230159169
1  230159169
12  26483453
8  127401060
19  19547663
4  144539078
7  73568544
8  125474167
1  230159944
1  62726106
11  116748357
2  21009323
8  19962213
2  27518370
19  19547663
1  109275908
19  19547663
19  44919689
19  11091630
1  55039974
5  75352778
2  21009323
1  230159944
9  104885374
16  56961324
18  49655298
8  19962213
15  58431476
6  90248512
10  6348488
15  78943104
22  37195278
16  11270222
1  113761186
2  203874196
12  112049014
12  56088396
18  12779948
6  32636595
2  24469940
10  6081532
16  11086016
9  120927961
6  32609603
1  113834946
20  35319358
4  54368658
3  141386728
5  79460955
15  89358801
4  9934286
4  99353129
4  99318162
12  112083644
4  99420704
4  83453327
1  109279544
2  27518370
11  116781707
4  9964756
15  83057427
6  32082981
2  191099907
7  128954129
1  53163913
3  177377284
2  191099907
20  2537919
8  11486464
1  183207295
22  21585386
1  189754493
7  128977412
2  180649002
11  55368743
6  32638107
16  31301932
4  108801970
5  160452971
11  589564
12  76615280
6  32255481
3  175243598
6  32696681
9  36099402
5  115803051
3  187014891
9  134924613
22  23828809
22  23828809
8  93210716
7  114101050
18  48701073
5  56027067
17  39176710
8  14256307
2  27364857
1  2274142
8  70632513
9  81907834
5  56027067
10  109211677
22  19577734
7  147918548
17  39175092
1  84403278
9  33153529
12  69187442
2  124534260
5  56027067
1  83788868
10  128135192
11  113425897
9  82800066
4  140466284
1  159226975
15  54388434
5  125907327
6  106451351
10  53535114
13  40233346
1  159178723
7  10110349
1  159436169
1  159709026
1  159308461
19  30608983
6  88403098
7  46236130
13  53393956
14  61718577
5  35803475
11  61026179
1  116495665
13  43883789
6  105987394
1  160882256
5  132435113
9  114804160
10  99531836
18  12779948
5  159387525
6  167024500
17  42362183
12  40208138
9  4981602
3  49684099
5  150879305
16  50729868
10  62678726
6  20728500
8  125527809
1  113834946
1  172893094
1  200966738
7  50230076
10  34998722
11  76590272
17  39884510
1  86585518
7  114101050
3  65413223
8  14256307
1  225405225
11  80600627
6  31605179
6  32985503
7  50310671
7  151217985
6  139818678
1  191970658
10  13319976
4  37649533
20  17848636
4  182379461
1  24970252
9  33128023
9  112925455
8  28324238
7  107951753
22  23828809
22  23828809
3  128939649
22  39463164
6  30698892
5  51877490
14  104880570
19  19165550
5  116398108
7  41997238
22  39463164
6  37564327
14  81168979
12  62424701
12  38859306
3  187008099
8  616207
6  107339442
5  95318169
9  33139455
3  155549651
1  79043424
11  5604373
2  152580056
10  13319976
22  23828809
22  23828809
20  17848636
16  16162910
1  68461830
3  72468889
22  23828809
22  23828809
22  39463164
5  56027067
2  46323630
3  76676752
5  36473135
22  39463164
7  11251773
15  73457267
5  56027067
5  61729255
9  33128023
2  77019205
2  219999933
4  175727181
6  156336708
1  78521617
7  114101050
22  39352849
14  85216709
11  41203883
16  83737891
20  46292992
10  96672946
6  32146738
9  117796733
1  1143818
8  70632513
6  89948064
20  42365454
16  53039876
8  124709125
5  95937706
17  13805544
20  17848636
3  187008099
10  25591530
3  62796793
11  19030325
6  104215903
6  114748553
11  7443141
5  56027067
7  114101050
8  14256307
10  63112651
3  187008099
11  5666794
9  28181087
3  39433851
13  65637888
3  187008099
17  80086944
15  68426648
2  99259781
6  131034724
20  45145096
3  187005156
4  85208463
12  123832329
5  95965759
9  32870070
1  242368352
6  32985503
3  32223499
1  237435116
11  107476551
3  187008099
9  33124874
9  33124874
2  185319303
5  100966102
12  115774058
9  7518656
7  34657448
5  18483542
21  44195678
1  67236843
5  40392626
21  15432901
2  232561816
21  40043117
21  38801604
1  173222336
5  151078585
7  50266267
8  11482672
11  128441164
22  21562901
16  30624338
6  32608701
7  128933913
2  33476823
2  191099907
6  106120159
6  137874929
10  48911009
11  118702810
12  128816149
16  30631546
7  75543861
13  113105720
7  4371578
1  4255144
3  7941140
2  53010182
8  121896264
11  122318757
4  13792792
6  149272784
20  7571857
10  37270652
14  98176235
5  99445399
2  53038991
5  110161259
14  47394632
6  149204470
12  63051312
1  71605446
1  37493212
1  159484147
6  33087084
6  32377506
5  59546948
6  32706960
3  25302124
5  170034543
6  31834688
2  70836812
5  96092980
6  30698892
6  32759026
1  214283666
5  127386161
7  151217985
8  31176759
14  65308977
9  27126417
6  30711851
6  32985503
6  31962664
7  50310671
5  132386057
12  97134362
4  6181457
12  55031132
2  13889623
14  92757645
14  65308977
10  9526947
11  123002368
14  65308977
17  47753582
12  122929802
6  32730008
6  32985503
7  50310671
17  47273752
11  45062980
13  113804266
7  89065756
14  65308977
6  31605179
18  71712154
7  50310671
7  89065756
14  65308977
4  116928293
6  31605179
7  50310671
5  95905518
18  71698064
14  65308977
19  11544195
18  77926067
2  76996812
9  27075717
1  225405225
6  31605179
7  50295636
20  33968971
22  39463164
2  152580056
10  13319976
22  23828809
22  23828809
20  17848636
1  68461830
20  33968971
7  50315611
22  39463164
10  13319976
22  23828809
22  23828809
1  68461830
20  33968971
7  50315611
4  57073697
6  32985503
6  123668596
19  11544195
10  121185572
12  48539450
6  142798695
16  82628663
3  186831906
19  33398094
16  81501185
12  124006982
12  122903375
3  186783859
6  32632222
6  32632222
21  29773850
6  32632222
6  32632222
19  17278895
19  17283315
22  23828809
22  23828809
1  68461830
20  33968971
7  50315611
11  69787644
10  95541247
12  5642176
12  62492343
6  147438398
9  33122647
3  139197551
1  205514467
16  49618868
7  107951753
4  127545545
22  23828809
22  23828809
10  120283977
22  23828809
22  23828809
6  114748553
5  108396257
5  56027067
19  53276773
8  50472427
1  191970658
7  107802941
8  141939370
21  31923801
17  78315910
1  216330927
12  5642176
20  4406487
11  107476551
7  34657528
8  65711997
11  107476551
9  36099402
14  65308977
18  71712154
8  31176759
7  50310671
3  103731747
14  65291924
18  77926067
6  32985503
17  81261988
3  187005156
17  58236543
3  187008099
5  95926809
6  161893889
2  68343640
11  61803876
15  58382496
4  59883111
12  115064913
10  37219522
6  161580404
3  10494087
6  150330764
16  7454852
3  192376186
13  92670893
7  113271355
3  137389640
15  91174122
7  73490480
2  127419801
20  35176751
20  35142584
10  121586676
1  94256104
8  136837768
5  25419980
11  114516380
20  20653462
6  130565292
1  78711183
8  131318469
9  33125806
11  25468936
3  187008099
6  70031317
20  40842787
14  74860740
22  39463164
4  12578222
3  187008099
7  53059866
17  73811574
3  71364894
20  20653462
10  97148976
11  19030325
6  31218249
7  39081900
12  68385633
13  84458192
2  18062268
4  17133720
12  108209193
22  45566024
1  211981666
3  20179220
4  175740936
11  39887112
18  29026683
21  39197853
9  94552459
6  44999753
20  58221728
17  40890629
9  110183125
17  61419288
12  102119753
3  141424588
2  33302232
2  55884174
6  34270737
8  117815600
9  14898163
12  102332560
8  56188232
19  44919689
10  76397814
1  68461830
22  39439582
7  50315611
9  133810892
1  234590610
10  13319976
22  23828809
22  23828809
5  53256409
22  50463961
7  50315611
22  39463164
14  65308977
19  11544195
2  102772135
17  17239582
12  7182621
6  32706960
21  41421864
3  187005156
6  30830214
3  22129805
2  46323630
6  30698892
9  33128023
9  112925455
15  73457267
3  139197551
1  205514467
5  56027067
7  107951753
16  49609655
22  23828809
22  23828809
22  38782370
2  46323630
14  24139938
6  30698892
15  73457267
7  107951753
16  49609655
22  23828809
22  23828809
12  82068447
2  46323630
6  30698892
14  65308977
7  20845476
3  150369221
3  64188225
4  110306660
22  43228759
3  150979421
16  81927353
3  20916318
12  28040056
12  103640541
2  9119469
6  31834688
11  68164294
17  17057664
18  75185206
1  215883006
1  191970658
20  17844499
22  23828809
22  23828809
9  77705449
10  33116159
12  105058664
17  47757912
1  225402973
14  47584956
20  569274
10  61935289
7  50306538
22  43808439
22  39463164
7  89065756
3  187008099
9  33124874
9  33124874
10  82659654
4  91996064
3  187005156
10  63112651
4  21453634
12  129162027
10  25713319
20  40849893
20  20653462
6  32146738
2  185160008
3  187008099
9  33124874
9  33124874
5  100966102
22  39463164
17  47232327
3  72460120
14  65308977
2  124499159
21  42093370
8  12834362
22  23828809
22  23828809
16  86647390
17  47757912
14  65308977
4  116928293
7  50310671
3  187008099
3  113711752
2  229485273
8  70632513
3  103794592
10  51502873
2  176147850
12  103640541
3  150979421
2  55746597
7  5840746
16  81927353
3  20916318
16  17968279
6  130565292
10  13313131
4  109976429
5  157983270
1  239233804
22  23828809
22  23828809
4  37643767
12  65964567
10  120283977
7  69773172
22  39343633
22  23828809
22  23828809
2  76996812
4  7016458
6  88543930
6  30711851
5  95911056
2  140984021
7  50315611
2  152580056
